funding
2520908393.62
2509325917.03
2292762511.56
2060737173.91
2060737173.91
1880462977.98
1146653327.78
941198932.33
938197057.63
817685886.44
493620651.52
477169258.05
441602250.36
437770781.29
369228141.11
341537425.44
328113905.01
328113905.01
295811480.65
249688916.69
249287588.24
232766696.52
221138753.48
210792991.60
210026549.63
204610960.65
204567595.65
203899103.07
203382103.07
190388155.98
157769060.28
157541862.31
157461938.92
153348739.74
150405869.74
115028665.34
112442819.96
106068578.55
101714878.39
95033618.24
94341632.39
90239042.08
90167928.98
89074514.96
88841544.96
81132356.26
81093732.74
77363265.53
76700369.87
75288557.73
75185302.34
64558602.08
61166269.24
61166269.24
58694348.43
57560451.00
56580134.47
52955802.83
49220431.86
47308935.25
47286527.92
45095530.97
44464137.48
42089727.58
41825245.35
39827250.35
39827250.35
39655368.03
39655368.03
39593468.03
39544471.43
39058716.22
38512836.35
38492715.81
38350890.73
37252986.15
36809171.48
36709595.81
36596717.15
36578319.48
36143778.80
34497483.94
34310376.03
31780982.36
31586993.93
31361719.92
30818245.76
30325297.20
30179750.27
28634638.79
27241951.42
27241951.42
27007624.87
26836765
26836765
26704077.74
26186564.36
26087343.90
25953230
25626445.97
25572190.55
25403586.11
25362470.55
25054105.90
24756355.63
24582435.24
23592376.42
23383908.94
22584346.37
22547079.58
22234267.38
22029197.40
21346393.20
21334224.14
21218401.71
21096842.99
20981614.68
20981614.68
18880461
17980902
17980902
17980902
17578568.87
17523166.84
17453585.98
15964502.25
15786747.23
14746492
14372343.36
14075082.89
14075082.89
13857093.55
13848380.57
13827692.25
13497627.20
13190436.26
12651891.44
12581243.12
12404574.27
11997120.14
11596712.09
11566489.86
11364677.80
11007085.02
10879509.70
9591856.6
9386454.88
9320333.2
9308068.34
9230633.2
9184410.29
9176535.08
9011778.00
8977245.70
8911792.99
8895117.41
8719387.33
8634965.80
8512909.79
8199283.34
8199283.34
8108007.49
8105749.96
8105749.96
8061535.08
7602435.58
7580034.16
7475154.79
7475154.79
7409351.38
7373246
7248462.42
7156382.04
6993241.48
6936084.95
6910725.12
6812861
6812861
6748813.60
6741122.17
6737361.70
6732920.78
6723710.46
6686780
6634992.24
6513117.28
6513117.28
6081668.90
6069982.23
6065251.84
5998560.07
5882865.53
5564975
5499554.44
5436640.08
5387459
5315730.23
4680780.99
4679821
4657974.42
4657974.42
4654034.17
4549577.97
4549577.97
4547858.96
4383124.86
4378828.42
4294877.85
4255057.6
4209451.5
4126463.21
4117471.86
4095266.12
4046012
4046012
4046012
3922591.25
3922591.25
3917966.66
3885103.81
3870450.71
3806782.38
3806782.38
3803634.28
3797609.96
3697425.31
3629895.79
3590050.98
3557097.64
3549668.22
3545578.21
3455362.56
3358249.72
3342245.21
3307350.58
3253792.24
3207179.62
3165729.4
3165729.4
3150823.48
3109441.15
3109441.15
3088023.84
3033165.32
3033165.32
2945955.63
2916012
2916012
2877575.56
2877575.56
2870871.61
2869817.12
2784967.37
2766529.13
2735493.22
2709483
2658726
2634308.34
2613526.4
2612132
2601310
2581698.38
2492718.81
2490946.68
2490946.68
2452160.57
2437227.48
2348043.76
2332496
2318120.48
2273929.48
2268244.04
2268244.04
2268244.04
2246407.76
2238649.18
2224012
2213323.16
2213323.16
2213323.16
2193880
2187505.42
2187366.26
2127528.8
2121642.50
2049980.96
2049980.96
2047379.17
2012820.63
2000000
1934886.68
1908163.15
1908163.15
1908163.15
1893464.00
1887760.02
1863605.96
1843395.32
1781929.04
1778548.82
1773932.8
1770388.08
1729276.84
1729276.84
1704574.91
1704574.91
1686223.34
1686126.36
1679124.86
1675646.82
1675646.82
1672188.92
1672188.92
1663372.8
1646122.15
1645542.87
1643671
1643671
1643671
1642590.96
1614188.38
1603589.81
1546200
1546200
1540700
1540700
1540700
1525335.00
1517623.92
1505348
1492738.54
1492738.54
1469974.31
1458738.62
1453016.57
1390188.54
1386636.54
1386636.54
1386636.54
1384515.13
1380360
1380360
1380360
1369526.06
1368652.52
1362510
1360470.01
1350978.09
1348489.35
1347325.24
1328542.28
1313029.02
1306066
1301509.28
1293017.67
1292482.37
1252031
1235429.81
1235429.81
1235245.75
1192116
1192116
1191496
1187928.49
1162431.2
1153065.33
1153065.33
1153065.33
1145253.5
1140090
1137276
1128636.61
1128636.61
1116546.98
1105072.09
1105072.09
1105072.09
1101291
1092815.51
1084663.16
1084155.45
1074655.67
1068220
1065960
1034000
1007647
1000000
994315.7
994315.7
991057.50
972157.2
972157.2
967443.34
967443.34
952800.87
946250.45
942297.91
915029.28
904723
904723
904723
896339.52
892842.5
892842.5
892842.5
883535
867795
860218
860218
857544.40
857544.40
857544.40
857406.46
857406.46
854295.78
829859.52
826314
823139.89
822670
794574.32
791984
784785.3
782051.96
782051.96
782051.96
770436.47
766205.14
763567.41
762277
758922.82
740007.76
737468
728983.7
726904
725699.62
722000
722000
722000
720724.16
716607.65
715224
710659.5
705584.67
698510
692000
684439.53
675877.07
675877.07
675877.07
675256.6
669230
669230
669230
661048.32
657561.6
646538.89
643380.27
601990.96
601990.96
593224.33
581215.6
577036.11
564489.36
564489.36
564489.36
558273.49
558273.49
558273.49
555490.96
552203.0
551970.76
544144
543474.16
543390.34
541000
517000
509568
500000
495528.75
495528.75
495528.75
481582
481171.98
473034.36
471694.08
469652.81
468522.76
468522.76
464156
449872
442135
435277.92
435137
433058
429000
424908.66
423407
423407
421318
412201.3
412201.3
410429.8
406666
406000.72
403959
398965
398965
398965
398574
398099.52
383334.36
380723.20
380723.20
380723.20
379461.41
375579.15
375579.15
375579.15
374953
374173.6
370000
369798.66
369798.66
369798.66
366324
363996
363282
363282
362000
359296.4
357612
357612
357612
357612
353155
353155
353108
350650
348305
338656.04
338399
338399
338399
328810.8
328780.8
326596
322871.85
321292
321292
321292
318867
318867
309337
308998.6
308998.6
305542.5
305542.5
305542.5
298750
296199.11
294169
291562.08
290000
287676.19
285312
280689.6
279250.9
279250.9
279250.9
276467
275572.75
275572.75
270000
270000
270000
267411.7
265709.42
264057
256796.72
256796.72
256189.67
256189.67
254700.12
248608
248608
242154.08
241755.44
238910
232908.76
229612.76
228063.75
223928.84
222835.40
222835.40
222536
222536
222330.32
221493.75
221493.75
221120
215037
215037
215037
212454.33
206275.56
204452
203333
203333
203333
200684
200684
200684
199049.76
199049.76
198308.64
194408
194408
194308.16
188999.91
188999.91
188241
188241
185000
184800
184482.4
184482.4
184482.4
184214.55
182740
182263.85
180995
180542
178836.18
178836.18
178836.18
178231.09
176601
176554
172372.50
166299
163485.52
163298
159897.6
159897.6
159897.6
159309.95
155361.4
153412.7
153412.7
153412.7
150005
150005
150005
147587
146853.92
145843.2
145000
141488.64
141488.64
141488.64
139082.78
138922
138922
138922
132104.75
129875.48
129875.48
129875.48
126325
125377.85
124259
123896
120877.72
120877.72
115535
115535
115452
113750
113120
112375.36
112375.36
112375.36
111450
111450
111450
110056.34
110056.34
109432
108813.88
108682
107161.20
107161.20
107161.20
106841
106841
106841
105675
105258.16
104940.67
104940.67
104940.67
102550
102000
102000
102000
99394
98323
97200
97154.08
97154.08
96879.72
96400.65
93960
93960
92432
92400
92400
92400
91201.32
90370.5
90370.5
90370.5
89389
86730
86270.02
86270.02
86149
86149
86149
85085
83837
81000
79812
79731.2
79731.2
79731.2
78311.68
78311.68
78311.68
77680.7
77680.7
77680.7
77680.7
75878
70633.92
62612.16
62196.66
62196.66
62196.66
61900
60962
60508
60508
60508
60387.71
60387.71
60000
60000
60000
59666
59666
59666
59100
57726
57726
57726
55793.72
54716
54716
54716
52000
51567.47
49917.13
49871.4
49871.4
49871.4
48949.92
48739
48739
48739
48495
48495
48495
48454
48000
48000
48000
46747.5
46500
44394.11
44394.11
44394.11
44156
43395
43365
42600
42600
42600
42400
41541
41090
41090
41090
40654
40571.55
40460
40460
40460
40134
38585.2
38585.2
38585.2
38500
38500
38500
37639.44
35780
34860
34000
33495
33495
33495
33002.71
33002.71
33002.71
33002.71
32827.76
32758.92
32758.92
32758.92
32442
32215.04
32215.04
32215.04
31845.72
31697
31547.67
31547.67
31547.67
30085
30085
30085
28309
28309
27774
27385
27122
27122
27122
26219.34
26000
25308.02
21815.2
20067
20067
20067
20067
18204.68
18204.68
18204.68
16413.88
16141
15700
15700
15700
13000
13000
13000
10750
9623.88
9623.88
9623.88
5933.72
5933.72
5933.72
5375
5375
5120
2560
1771.5
511.55
481.55
481.55
60
32
32
30
30
-4184.8
-4184.8
-4184.8
-4184.8
-8369.6
